1. 59
2. 90
3. 70
4. 13
5. 86
6. 31
7. 45
8. 24
9. 54
10. 18
11. 22
12. 2
13. 89
14. 71
15. 98
16. 84
17. 92
18. 25
19. 20
20. 1
21. 29
22. 1
23. 35
24. 71
25. 80
26. 78
27. 65
28. 47
29. 67
30. 34
31. 74
32. 81
33. 10
34. 83
35. 47
36. 86
37. 55
38. 98
39. 99
40. 70
41. 62
42. 30
43. 57
44. 81
45. 9
46. 89
47. 16
48. 32
49. 7
50. 51
51. 34
52. 7
53. 87
54. 6
55. 35
56. 41
57. 47
58. 52
59. 89
60. 92
61. 30
62. 59
63. 46
64. 17
65. 19
66. 22
67. 78
68. 42
69. 89
70. 67
71. 62
72. 27
73. 33
74. 55
75. 59
76. 78
77. 54
78. 39
79. 5
80. 12
81. 84
82. 55
83. 58
84. 73
85. 28
86. 56
87. 82
88. 44
89. 85
90. 58
91. 49
92. 83
93. 65
94. 51
95. 98
96. 93
97. 42
98. 4
99. 74
100. 57
101. 55
102. 85
103. 27
104. 60
105. 26
106. 48
107. 92
108. 77
109. 74
110. 35
111. 2
112. 39
113. 11
114. 33
115. 38
116. 52
117. 45
118. 0
119. 39
120. 46
121. 91
122. 53
123. 25
124. 77
125. 63
126. 46
127. 31
128. 40
129. 21
130. 69
131. 10
132. 79
133. 10
134. 100
135. 73
136. 63
137. 64
138. 50
139. 85
140. 30
141. 86
142. 2
143. 26
144. 50
145. 61
146. 29
147. 31
148. 16
149. 60
150. 83
151. 83
152. 40
153. 54
154. 11
155. 83
156. 45
157. 83
158. 17
159. 44
160. 71
161. 32
162. 24
163. 56
164. 34
165. 72
166. 68
167. 14
168. 98
169. 92
170. 3
171. 93
172. 78
173. 9
174. 84
175. 28
176. 78
177. 72
178. 43
179. 81
180. 76
181. 38
182. 32
183. 25
184. 75
185. 1
186. 73
187. 52
188. 77
189. 2
190. 82
191. 80
192. 91
193. 100
194. 91
195. 31
196. 78
197. 74
198. 59
199. 61
200. 77
201. 52
202. 37
203. 19
204. 47
205. 70
206. 45
207. 49
208. 95
209. 20
210. 97
211. 58
212. 88
213. 92
214. 99
215. 11
216. 58
217. 45
218. 54
219. 50
220. 74
221. 73
222. 64
223. 78
224. 43
225. 27
226. 2
227. 23
228. 33
229. 51
230. 22
231. 82
232. 51
233. 5
234. 3
235. 87
236. 88
237. 13
238. 97
239. 5
240. 60
241. 83
242. 15
243. 47
244. 17
245. 24
246. 64
247. 57
248. 70
249. 3
250. 43
251. 36
252. 50
253. 16
254. 65
255. 100
256. 100
257. 27
258. 25
259. 85
260. 55
261. 96
262. 25
263. 77
264. 48
265. 14
266. 54
267. 84
268. 27
269. 67
270. 17
271. 69
272. 82
273. 27
274. 53
275. 91
276. 60
277. 11
278. 98
279. 95
280. 91
281. 86
282. 63
283. 37
284. 21
285. 72
286. 38
287. 71
288. 27
289. 83
290. 46
291. 21
292. 58
293. 59
294. 49
295. 27
296. 23
297. 79
298. 87
299. 44
300. 66
